R = 1.0
[(1.0, 97.91555555555556, 97.91555555555556), (1.0, 95.70125000000003, 95.70125000000003), (1.0, 93.45761904761905, 93.45761904761905), (1.0, 91.62242063492069, 91.62242063492069), (1.0, 90.20309523809519, 90.20309523809519), (1.0, 88.35958333333333, 88.35958333333333), (1.0, 86.63111111111112, 86.63111111111112), (1.0, 85.8, 85.8), (1.0, 84.8, 84.8)]
R = 1.05
[(1.0499999999999994, 93.34835978835979, 98.01577777777779), (1.049999999999998, 91.30658730158731, 95.87191666666669), (1.0500000000000036, 89.22530612244897, 93.68657142857147), (1.050000000000005, 87.51383219954643, 91.8895238095238), (1.0500000000000036, 86.1877097505669, 90.49709523809518), (1.049999999999998, 84.44865079365081, 88.6710833333333), (1.0499999999999994, 82.84994708994708, 86.99244444444446), (1.0500000000000003, 82.10857142857142, 86.214), (1.05, 81.13333333333333, 85.19)]
R = 1.1
[(1.1000000000000008, 89.20101010101007, 98.1211111111111), (1.0999999999999976, 87.31242424242423, 96.04366666666668), (1.0999999999999963, 85.38346320346325, 93.92180952380946), (1.099999999999998, 83.78903318903325, 92.16793650793647), (1.0999999999999963, 82.53064935064936, 90.78371428571428), (1.0999999999999976, 80.89939393939393, 88.98933333333338), (1.1000000000000008, 79.40929292929293, 87.3502222222222), (1.0999999999999999, 78.67272727272727, 86.53999999999999), (1.1, 77.84545454545454, 85.63000000000001)]
R = 1.15
[(1.149999999999999, 85.41951690821254, 98.23244444444444), (1.1500000000000026, 83.66934782608698, 96.21975000000002), (1.150000000000004, 81.86521739130433, 94.14499999999998), (1.150000000000001, 80.37705314009659, 92.43361111111109), (1.150000000000004, 79.20041407867494, 91.08047619047616), (1.1500000000000026, 77.64594202898549, 89.29283333333335), (1.149999999999999, 76.27497584541062, 87.71622222222219), (1.1500000000000001, 75.57217391304349, 86.90800000000002), (1.15, 74.71304347826087, 85.92)]
R = 1.2
[(1.2000000000000008, 81.95703703703701, 98.34844444444447), (1.2000000000000004, 80.33027777777777, 96.3963333333333), (1.1999999999999953, 78.64257936507943, 94.37109523809531), (1.1999999999999942, 77.2594907407407, 92.71138888888883), (1.1999999999999953, 76.14583333333331, 91.37499999999999), (1.2000000000000004, 74.68027777777779, 89.61633333333333), (1.2000000000000008, 73.39537037037039, 88.07444444444442), (1.1999999999999997, 72.7525, 87.30300000000001), (1.2, 71.96666666666667, 86.36000000000001)]
R = 1.25
[(1.25, 78.75413333333333, 98.44266666666668), (1.25, 77.2498, 96.56225), (1.25, 75.68685714285712, 94.60857142857144), (1.25, 74.3832698412699, 92.97908730158727), (1.25, 73.3336, 91.66699999999996), (1.25, 71.93293333333334, 89.91616666666661), (1.25, 70.75946666666665, 88.44933333333334), (1.25, 70.0904, 87.61300000000001), (1.25, 69.312, 86.64)]
