--- tsallis mnist ---
[9.0, 7.871, 5.3105, 3.375, 1.464, 1.2235, 1.1525, 1.0505, 1.0]
[35.43164316829221, 34.55525916103137, 31.515281268279736, 26.504816333360264, 9.885849848745657, 2.567830217165451, 1.4024960668440367, 2.9529449627044273, 3.7107261746317772]
--- top-k mnist ---
[9.0, 8.0, 7.0, 6.0, 5.0, 4.0, 3.0, 2.0, 1.0]
[35.43164316829221, 34.78841773978277, 33.995672380548, 32.98580383334091, 31.639537189216252, 29.722791116726416, 26.69689422486376, 21.001883160815527, 3.7107261746317772]
--- tsallis f_mnist ---
[35.141002116644025, 33.81488149888806, 31.831040140800596, 27.610787797775682, 12.068380301185307, 3.06998522427623, 1.5501536602583712, 3.2000566804065045, 4.162116489974839]
[9.0, 7.39, 5.648, 3.759, 1.646, 1.2905, 1.1935, 1.07, 1.0]
--- top-k f_mnist ---
[9.0, 8.0, 7.0, 6.0, 5.0, 4.0, 3.0, 2.0, 1.0]
[35.141002116644025, 34.47434896598354, 33.652027797408095, 32.60323037539781, 31.2029144763454, 29.20592200097659, 26.06602012792241, 20.258894370553126, 4.162116489974839]