R = 1.0
[(1.0, 96.24222222222224, 96.24222222222224), (1.0, 93.00541666666668, 93.00541666666668), (1.0, 89.38952380952377, 89.38952380952377), (1.0, 86.88948412698414, 86.88948412698414), (1.0, 84.64904761904764, 84.64904761904764), (1.0, 82.24500000000003, 82.24500000000003), (1.0, 80.71444444444445, 80.71444444444445), (1.0, 77.38000000000001, 77.38000000000001), (1.0, 74.45, 74.45)]
R = 1.05
[(1.0499999999999994, 91.8283597883598, 96.41977777777781), (1.049999999999998, 88.8316666666667, 93.27325), (1.0500000000000036, 85.49414965986391, 89.76885714285712), (1.050000000000005, 83.1667044595616, 87.32503968253963), (1.0500000000000036, 81.087120181406, 85.14147619047623), (1.049999999999998, 78.85087301587302, 82.79341666666669), (1.0499999999999994, 77.40825396825394, 81.27866666666665), (1.0500000000000003, 74.28666666666666, 78.001), (1.05, 71.33333333333334, 74.9)]
R = 1.1
[(1.1000000000000008, 87.83898989898992, 96.62288888888888), (1.0999999999999976, 85.03090909090909, 93.53399999999995), (1.0999999999999963, 81.94852813852815, 90.14338095238097), (1.099999999999998, 79.80591630591636, 87.78650793650795), (1.0999999999999963, 77.85437229437235, 85.6398095238095), (1.0999999999999976, 75.76477272727274, 83.34124999999996), (1.1000000000000008, 74.4159595959596, 81.85755555555555), (1.0999999999999999, 71.47818181818182, 78.62599999999999), (1.1, 68.96363636363637, 75.86000000000001)]
R = 1.15
[(1.149999999999999, 84.17487922705314, 96.8011111111111), (1.1500000000000026, 81.57956521739129, 93.8165), (1.150000000000004, 78.72463768115946, 90.53333333333333), (1.150000000000001, 76.72253278122848, 88.23091269841272), (1.150000000000004, 74.891966873706, 86.1257619047619), (1.1500000000000026, 72.95217391304351, 83.89499999999998), (1.149999999999999, 71.70357487922705, 82.45911111111111), (1.1500000000000001, 68.94956521739132, 79.292), (1.15, 66.3391304347826, 76.28999999999999)]
R = 1.2
[(1.2000000000000008, 80.83111111111111, 96.99733333333333), (1.2000000000000004, 78.40173611111113, 94.08208333333333), (1.1999999999999953, 75.74361111111111, 90.89233333333326), (1.1999999999999942, 73.89877645502641, 88.67853174603172), (1.1999999999999953, 72.20246031746032, 86.64295238095237), (1.2000000000000004, 70.36597222222221, 84.4391666666667), (1.2000000000000008, 69.17981481481482, 83.01577777777779), (1.1999999999999997, 66.66583333333332, 79.999), (1.2, 64.38333333333334, 77.26)]
R = 1.25
[(1.25, 77.74631111111111, 97.18288888888888), (1.25, 75.47080000000001, 94.3385), (1.25, 73.02175238095236, 91.27719047619048), (1.25, 71.29844444444447, 89.12305555555554), (1.25, 69.7122666666667, 87.14033333333332), (1.25, 68.00146666666667, 85.00183333333332), (1.25, 66.87768888888887, 83.5971111111111), (1.25, 64.4648, 80.58100000000002), (1.25, 62.176, 77.72)]
