0.1
[(1.0, 97.91555555555557, 97.91555555555557), (1.0153624999999995, 94.85813232195665, 96.28750000000001), (1.040192857142857, 91.17737449617876, 94.78523809523807), (1.0631765873015873, 88.0097438324857, 93.50714285714292), (1.078071428571429, 85.68343541307117, 92.31785714285716), (1.0971541666666669, 82.77710753888428, 90.78208333333332), (1.1163999999999996, 80.28869810847034, 89.61444444444443), (1.1384, 78.31796205282639, 89.15), (1.153, 76.71292281006072, 88.45)]
0.2
[(1.0, 97.91555555555557, 97.91555555555557), (1.006345833333333, 95.37039660668742, 95.96249999999999), (1.0264952380952377, 92.01583483675148, 94.41214285714284), (1.0454047619047613, 89.09891798213104, 93.096626984127), (1.0585142857142857, 86.8649916320391, 91.90142857142855), (1.0737833333333335, 84.1307786173392, 90.3091666666666), (1.0901999999999998, 81.78702401314537, 89.14777777777778), (1.10805, 79.97218731754084, 88.60499999999999), (1.1165, 78.45947156291984, 87.6)]
0.3
[(1.0, 97.91555555555557, 97.91555555555557), (1.0028124999999999, 95.55695084966233, 95.81875000000001), (1.0179119047619052, 92.51756624922838, 94.1445238095238), (1.03409126984127, 89.77602535261141, 92.79742063492066), (1.0456047619047628, 87.64366031376446, 91.60333333333341), (1.0591875, 84.98202071348109, 89.98666666666666), (1.0731333333333337, 82.74182633153481, 88.77888888888887), (1.0906, 80.92066813507353, 88.245), (1.097, 79.58067456700091, 87.3)]
0.4
[(1.0, 97.91555555555557, 97.91555555555557), (1.0014583333333336, 95.6268807273982, 95.76250000000006), (1.0126857142857142, 92.80961492781528, 93.9642857142857), (1.0263273809523814, 90.22156522216906, 92.56527777777781), (1.0366500000000005, 88.16918180387833, 91.36880952380955), (1.0489500000000003, 85.58666114820701, 89.75375000000007), (1.0609666666666666, 83.41969654343747, 88.49444444444445), (1.0768499999999999, 81.6971678381697, 87.97), (1.0835, 80.34148592524227, 87.05)]
0.5
[(1.0, 97.91555555555557, 97.91555555555557), (1.000829166666667, 95.65711936176007, 95.73416666666675), (1.00932619047619, 92.99069821528626, 93.84071428571428), (1.0211329365079373, 90.51513899763995, 92.4017857142857), (1.0303785714285714, 88.5260226380746, 91.18857142857144), (1.0412875000000008, 86.02027569573764, 89.55208333333334), (1.0522666666666665, 83.88761737437736, 88.26333333333336), (1.0673, 82.19186677383794, 87.72000000000001), (1.0715, 80.86794213719085, 86.65)]
0.6
[(1.0, 97.91555555555557, 97.91555555555557), (1.000554166666667, 95.67163829899742, 95.72333333333341), (1.0071595238095241, 93.09934442534983, 93.75261904761908), (1.0175555555555553, 90.70085445363735, 92.27083333333339), (1.0258738095238094, 88.77788130269408, 91.05119047619053), (1.0358208333333332, 86.31531496463509, 89.38916666666667), (1.0453333333333334, 84.22907682070034, 88.04000000000002), (1.0585, 82.65006871459438, 87.47999999999999), (1.063, 81.46754468485419, 86.6)]
0.7
[(1.0, 97.91555555555557, 97.91555555555557), (1.0004500000000005, 95.67756123236717, 95.71958333333343), (1.005778571428571, 93.16825904278869, 93.69547619047619), (1.014958333333333, 90.83421067069004, 92.17361111111111), (1.0225047619047611, 88.95427483603336, 90.93499999999997), (1.0318416666666668, 86.53196596711888, 89.27166666666668), (1.040311111111111, 84.50083352566175, 87.89999999999999), (1.05205, 83.03342726695662, 87.35), (1.058, 81.80529300567107, 86.55)]
0.8
[(1.0, 97.91555555555557, 97.91555555555557), (1.0003500000000007, 95.68189788316224, 95.71458333333341), (1.0048904761904758, 93.21144159671918, 93.65785714285718), (1.0131210317460313, 90.9305683309281, 92.10674603174597), (1.0199999999999996, 89.08882086570202, 90.85190476190479), (1.0288791666666666, 86.70087630230324, 89.19083333333332), (1.036844444444444, 84.68127181519112, 87.79444444444444), (1.04825, 83.22010115907976, 87.22999999999999), (1.0535, 82.05980066445183, 86.45)]
0.9
[(1.0, 97.91555555555557, 97.91555555555557), (1.0003125000000008, 95.68293763799919, 95.7120833333334), (1.004276190476189, 93.24379831408179, 93.63428571428575), (1.0118035714285705, 90.99748186227008, 92.05634920634917), (1.0182119047619045, 89.18866075508754, 90.79571428571433), (1.0267500000000005, 86.81788823223604, 89.12708333333329), (1.0341222222222222, 84.82512291657926, 87.71333333333334), (1.04485, 83.41007479891624, 87.145), (1.052, 82.17680608365019, 86.45)]
0.99
[(1.0, 97.91555555555557, 97.91555555555557), (1.0000458333333333, 95.68410717837313, 95.68791666666672), (1.0038285714285704, 93.25857911173927, 93.60809523809532), (1.0108432539682535, 91.03861099978265, 92.01111111111109), (1.0168976190476182, 89.24967858146634, 90.74166666666663), (1.0252833333333329, 86.89739334830095, 89.08166666666664), (1.0324333333333333, 84.91539470195903, 87.66333333333336), (1.0423, 83.52279721033894, 87.04999999999998), (1.0515, 82.16833095577746, 86.4)]
1.1
[(1.0, 97.91555555555557, 97.91555555555557), (1.0002250000000006, 95.6890304093905, 95.71000000000006), (1.0036023809523804, 93.27606074588064, 93.60523809523812), (1.010198412698413, 91.07875554391349, 91.99404761904762), (1.0159047619047614, 89.31405423486319, 90.71928571428573), (1.023870833333334, 86.97951250202254, 89.04375000000006), (1.0307888888888885, 85.00888763739734, 87.61999999999999), (1.0404, 83.63170369496093, 87.00499999999998), (1.0485, 82.26037195994277, 86.25)]
1.2
[(1.0, 97.91555555555557, 97.91555555555557), (1.0002166666666674, 95.68939793396156, 95.70958333333341), (1.003435714285714, 93.28470373705487, 93.59857142857149), (1.0096587301587303, 91.10801479432816, 91.97500000000001), (1.0151738095238099, 89.35504386307096, 90.69619047619048), (1.0230208333333337, 87.03241877499752, 89.02416666666677), (1.0297999999999996, 85.06433652683153, 87.59333333333335), (1.0389, 83.7133852939909, 86.965), (1.047, 82.33046800382044, 86.2)]
1.3
[(1.0, 97.91555555555557, 97.91555555555557), (1.0002083333333338, 95.68973322107156, 95.70916666666673), (1.0032857142857137, 93.29319841787829, 93.59333333333338), (1.0093035714285716, 91.12531910375981, 91.96051587301586), (1.0146619047619048, 89.38595518542678, 90.68214285714286), (1.0222249999999997, 87.07979036436002, 89.00375000000005), (1.028977777777778, 85.10651415586337, 87.56666666666669), (1.0376999999999998, 83.79067966337529, 86.945), (1.0455, 82.3529411764706, 86.1)]
1.4
[(1.0, 97.91555555555557, 97.91555555555557), (1.0001875000000005, 95.69128412872631, 95.70875000000007), (1.0031738095238087, 93.30009218721257, 93.59000000000002), (1.008948412698412, 91.14282462997342, 91.94623015873016), (1.0142214285714282, 89.40932530014533, 90.66690476190476), (1.0217208333333327, 87.10711777223065, 88.98791666666668), (1.0283111111111107, 85.14749756305041, 87.55222222222223), (1.0366499999999998, 83.85115661014595, 86.91999999999999), (1.045, 82.39234449760765, 86.1)]
1.5
[(1.0, 97.91555555555557, 97.91555555555557), (1.0001833333333339, 95.69125979024622, 95.70833333333341), (1.0030809523809512, 93.30601642976582, 93.587380952381), (1.0087361111111106, 91.15635355475875, 91.94067460317457), (1.0138571428571421, 89.42865973126469, 90.65428571428572), (1.0211750000000004, 87.1378624308967, 88.9720833333333), (1.027611111111111, 85.18042972646997, 87.5266666666667), (1.03615, 83.88675020794705, 86.91499999999999), (1.045, 82.39234449760765, 86.1)]
1.6
[(1.0, 97.91555555555557, 97.91555555555557), (1.000166666666667, 95.692807550979, 95.70833333333341), (1.003004761904761, 93.31106215314435, 93.58547619047621), (1.0085476190476188, 91.16672483178645, 91.93412698412699), (1.0135547619047611, 89.4445552789626, 90.64357142857142), (1.0207791666666668, 87.15837226193867, 88.95875), (1.0271555555555554, 85.20292092637904, 87.51111111111115), (1.03555, 83.92076929189754, 86.9), (1.044, 82.47126436781609, 86.1)]
1.7
[(1.0, 97.91555555555557, 97.91555555555557), (1.000158333333334, 95.69358804626516, 95.70833333333341), (1.002916666666666, 93.31476811518728, 93.58119047619053), (1.0083749999999996, 91.17688689926534, 91.92876984126985), (1.0132952380952376, 89.46022315033035, 90.63642857142858), (1.0204125, 87.17864397090491, 88.94749999999999), (1.026755555555556, 85.22526040610568, 87.50000000000001), (1.0346, 83.97818270134385, 86.88000000000001), (1.044, 82.47126436781609, 86.1)]
1.8
[(1.0, 97.91555555555557, 97.91555555555557), (1.0001541666666671, 95.69355621902193, 95.70791666666673), (1.0028523809523808, 93.3178441662796, 93.5783333333334), (1.0082063492063484, 91.18567721787785, 91.92242063492064), (1.0130499999999991, 89.4744425138489, 90.6290476190476), (1.0200833333333332, 87.19676994002477, 88.93749999999999), (1.0263888888888888, 85.24487491288266, 87.4888888888889), (1.0342, 84.0005722874144, 86.87), (1.0435, 82.5107810253953, 86.1)]
1.9
[(1.0, 97.91555555555557, 97.91555555555557), (1.000145833333334, 95.69390536534902, 95.70750000000007), (1.0027809523809528, 93.32128503648656, 93.57523809523816), (1.008057539682539, 91.19217424705779, 91.9154761904762), (1.0128476190476188, 89.48841877651908, 90.62523809523807), (1.0198, 87.21306684736346, 88.9295833333333), (1.0259555555555555, 85.26778166076231, 87.47555555555556), (1.03375, 84.02754130326836, 86.86000000000001), (1.043, 82.50239693192714, 86.05)]
2.0
[(1.0, 97.91555555555557, 97.91555555555557), (1.000145833333334, 95.69390536534902, 95.70750000000007), (1.0027000000000004, 93.32589589872764, 93.57238095238102), (1.0079464285714281, 91.19911103693669, 91.91250000000001), (1.0126523809523802, 89.49826752257391, 90.61785714285712), (1.0195166666666664, 87.22926874979792, 88.92166666666664), (1.0256222222222224, 85.28469966288097, 87.46444444444444), (1.03315, 84.06680236236342, 86.85000000000001), (1.0425, 82.54196642685851, 86.05)]
