2-classes: [2.216902678356755, 2.216902678356755, 2.216902678356755, 2.216902678356755, 2.216902678356755]
3-classes: [335.7266746430469, 16.8803753067687, 2.353741111716643, 8.93939981047482, 16.317492225851062]
4-classes: [648.590363346986, 42.8169948029854, 3.3768562823988812, 9.611921211463438, 26.97396850360082]
5-classes: [890.7014743890136, 70.5196813882286, 5.628622726913633, 10.127832220175724, 34.428600265252264]
6-classes: [1067.9406555912135, 97.55444210113329, 8.154757968500478, 10.048518539218902, 37.61693474677773]
7-classes: [1182.6865050604058, 129.17213372687687, 11.841029616757078, 10.676383098354414, 42.02621515628937]
8-classes: [1271.1877483368014, 154.09255876500964, 15.779647302905605, 11.204735994795731, 46.953496525728]
9-classes: [1329.6894571170337, 181.33152711880408, 19.384140118964552, 11.631852489757694, 51.77230391086174]
Top-1
[2.216902678356755, 16.460482084954865, 29.089156746804136, 40.44477887225204, 47.058528250835444, 56.092566158697245, 65.1533362426509, 74.96462145498882]
Top-2
[950.7584503919611, 919.1359198249214, 891.7515581312246, 876.6240764134534, 855.0684283162241, 834.6218788878123, 813.1843986184871]
Top-3
[1251.726178401893, 1223.079321982159, 1206.7098961618738, 1183.2716237352881, 1161.5825206610448, 1139.3563281210313]
Top-4
[1389.7177973534626, 1373.2944998215814, 1349.747084890867, 1328.0118241034818, 1305.6126679873446]
Top-5
[1473.2930538928615, 1449.7401809885853, 1428.0075052467837, 1405.5895906564112]
Top-6
[1516.4067211242652, 1494.6740794516963, 1472.254924863201]
Top-7
[1542.2931254828206, 1519.8739713756006]
Top-8
[1555.5882567700587]
