-0.5
[(3.375, 28.844444444444445)]
-0.25
[(2.084, 45.561420345489445)]
0.25
[(1.103, 79.23844061650045)]
-0.25
[(1.0, 97.91555555555556), (1.1126083333333334, 87.99387333931517), (1.2428023809523807, 78.42411070389636), (1.3849424603174605, 70.06012403545303), (1.5158595238095232, 63.742984089350074), (1.6657541666666662, 57.47603076913244), (1.8180444444444448, 52.31064701748236), (1.9676500000000001, 48.30422668315315)]
0.25
[(0.9198222222222221, 97.61337495198691), (1.0042333333333335, 95.47985252216155), (1.0218095238095235, 92.294844281165), (1.0391011904761904, 89.4824196971895), (1.051369047619048, 87.29024714118296), (1.0658249999999998, 84.60256097245215), (1.0808111111111116, 82.31429503455249), (1.0985, 80.481031893672)]
