-1.0
[(1.0, 96.25), (1.3334583333333327, 73.77794797056455), (1.9004738095238092, 51.88795555191794), (2.533380952380952, 38.93280444025463), (3.191126190476189, 30.91043675201393), (3.8552166666666654, 25.56528908211828), (4.4699888888888895, 22.068591770070565), (5.0697, 19.466389184643173), (5.648, 17.395538243626063)]
-0.1
[(1.0, 96.25), (1.0545750000000003, 90.41830903373558), (1.129202380952381, 83.23625170596486), (1.214672619047618, 76.88086362152988), (1.29607619047619, 71.35825447882053), (1.3896041666666663, 65.77356352918851), (1.4762666666666664, 61.802873535733305), (1.56585, 57.246708225659305), (1.646, 53.58444714459295)]
0.1
[(1.0, 96.24222222222224), (1.0158083333333328, 92.39469565233189), (1.0440714285714283, 87.53405790117898), (1.0722480158730154, 83.77109170056599), (1.0950119047619051, 80.4443947576859), (1.1200791666666665, 76.93580090312626), (1.143388888888889, 74.46661788523988), (1.1717499999999998, 70.34761989070826), (1.1935, 66.77838290741516)]
-0.5
[(1.0, 96.24222222222224), (1.1727583333333336, 83.07768870514819), (1.5062833333333336, 65.01776690969768), (1.9003670634920635, 51.566297592837124), (2.2919642857142866, 42.65270959665512), (2.692545833333333, 36.16579742000013), (3.0484444444444447, 31.953227233480675), (3.38675, 28.70202054346124), (3.759, 25.69832402234637)]
-0.5
[(1.0, 96.24222222222224), (1.1727583333333336, 83.07768870514819), (1.5062833333333336, 65.01776690969768), (1.9003670634920635, 51.566297592837124), (2.2919642857142866, 42.65270959665512), (2.692545833333333, 36.16579742000013), (3.0484444444444447, 31.953227233480675), (3.38675, 28.70202054346124), (3.759, 25.69832402234637)]
-0.5
[(1.0, 96.24222222222224), (1.1727583333333336, 83.07768870514819), (1.5062833333333336, 65.01776690969768), (1.9003670634920635, 51.566297592837124), (2.2919642857142866, 42.65270959665512), (2.692545833333333, 36.16579742000013), (3.0484444444444447, 31.953227233480675), (3.38675, 28.70202054346124), (3.759, 25.69832402234637)]
-0.5
[(3.759, 25.69832402234637)]
-0.5
[(3.759, 25.69832402234637)]
0.5
[(1.094, 70.24680073126143)]
0.5
[(1.094, 70.24680073126143)]
